52.1393804853 58.3022221551 0.0000000000
52.1393804853 58.3022221551 90.0000000000
71.4230087765 81.2835554482 90.0000000000
70.6208496382 81.9566468854 90.0000000000
69.7956886011 82.6013333433 90.0000000000
68.9485309970 83.2168293707 90.0000000000
68.0804089568 83.8023850805 90.0000000000
67.1923801536 84.3572870634 90.0000000000
66.2855265136 84.8808592567 90.0000000000
65.3609528983 85.3724637683 90.0000000000
64.4197857582 85.8315016539 90.0000000000
63.4631717605 86.2574136465 90.0000000000
62.4922763921 86.6496808380 90.0000000000
61.5082825393 87.0078253112 90.0000000000
60.5123890472 87.3314107222 90.0000000000
59.5058092584 87.6200428321 90.0000000000
58.4897695355 87.8733699871 90.0000000000
57.4655077664 88.0910835471 90.0000000000
56.4342718561 88.2729182617 90.0000000000
55.3973182069 88.4186525932 90.0000000000
54.3559101871 88.5281089868 90.0000000000
53.3113165918 88.6011540868 90.0000000000
52.2648100974 88.6376988989 90.0000000000
51.2176657110 88.6376988990 90.0000000000
50.1711592167 88.6011540870 90.0000000000
49.1265656214 88.5281089872 90.0000000000
48.0851576015 88.4186525938 90.0000000000
47.0482039523 88.2729182625 90.0000000000
46.0169680420 88.0910835481 90.0000000000
44.9927062728 87.8733699883 90.0000000000
43.9766665499 87.6200428335 90.0000000000
42.9700867611 87.3314107238 90.0000000000
41.9741932688 87.0078253129 90.0000000000
40.9901994160 86.6496808399 90.0000000000
40.0193040475 86.2574136486 90.0000000000
39.0626900498 85.8315016562 90.0000000000
38.1215229096 85.3724637707 90.0000000000
37.1969492942 84.8808592593 90.0000000000
36.2900956541 84.3572870662 90.0000000000
35.4020668508 83.8023850835 90.0000000000
34.5339448105 83.2168293738 90.0000000000
33.6867872062 82.6013333465 90.0000000000
32.8616261691 81.9566468888 90.0000000000
32.0594670307 81.2835554518 90.0000000000
31.2812870983 80.5828790936 90.0000000000
30.5280344644 79.8554714806 90.0000000000
29.8006268512 79.1022188469 90.0000000000
29.0999504929 78.3240389147 90.0000000000
28.4268590557 77.5218797764 90.0000000000
27.7821725978 76.6967187394 90.0000000000
27.1666765704 75.8495611353 90.0000000000
26.5811208605 74.9814390952 90.0000000000
26.0262188776 74.0934102920 90.0000000000
25.5026466843 73.1865566520 90.0000000000
25.0110421726 72.2619830367 90.0000000000
24.5520042870 71.3208158966 90.0000000000
24.1260922943 70.3642018990 90.0000000000
23.7338251028 69.3933065306 90.0000000000
23.3756806296 68.4093126778 90.0000000000
23.0520952185 67.4134191857 90.0000000000
22.7634631085 66.4068393969 90.0000000000
22.5101359535 65.3907996741 90.0000000000
22.2924223934 64.3665379049 90.0000000000
22.1105876788 63.3353019947 90.0000000000
21.9648533473 62.2983483455 90.0000000000
21.8553969536 61.2569403256 90.0000000000
21.7823518536 60.2123467303 90.0000000000
21.7458070414 59.1658402360 90.0000000000
21.7458070413 58.1186958496 90.0000000000
21.7823518532 57.0721893552 90.0000000000
21.8553969529 56.0275957599 90.0000000000
21.9648533463 54.9861877400 90.0000000000
22.1105876776 53.9492340908 90.0000000000
22.2924223919 52.9179981805 90.0000000000
22.5101359516 51.8937364113 90.0000000000
22.7634631064 50.8776966884 90.0000000000
23.0520952161 49.8711168996 90.0000000000
23.3756806269 48.8752234073 90.0000000000
23.7338250999 47.8912295545 90.0000000000
24.1260922912 46.9203341859 90.0000000000
24.5520042836 45.9637201882 90.0000000000
25.0110421689 45.0225530480 90.0000000000
25.5026466804 44.0979794326 90.0000000000
26.0262188734 43.1911257925 90.0000000000
26.5811208561 42.3030969891 90.0000000000
27.1666765657 41.4349749488 90.0000000000
27.7821725929 40.5878173445 90.0000000000
28.4268590506 39.7626563074 90.0000000000
29.0999504876 38.9604971689 90.0000000000
29.8006268457 38.1823172365 90.0000000000
30.5280344587 37.4290646026 90.0000000000
31.2812870924 36.7016569894 90.0000000000
32.0594670246 36.0009806310 90.0000000000
32.8616261628 35.3278891938 90.0000000000
33.6867871998 34.6832027358 90.0000000000
34.5339448039 34.0677067083 90.0000000000
35.4020668440 33.4821509984 90.0000000000
36.2900956472 32.9272490155 90.0000000000
37.1969492871 32.4036768221 90.0000000000
38.1215229024 31.9120723104 90.0000000000
39.0626900424 31.4530344248 90.0000000000
40.0193040401 31.0271224321 90.0000000000
40.9901994085 30.6348552405 90.0000000000
41.9741932612 30.2767107672 90.0000000000
42.9700867533 29.9531253561 90.0000000000
43.9766665420 29.6644932461 90.0000000000
44.9927062649 29.4111660910 90.0000000000
46.0169680341 29.1934525309 90.0000000000
47.0482039443 29.0116178163 90.0000000000
48.0851575935 28.8658834847 90.0000000000
49.1265656133 28.7564270910 90.0000000000
50.1711592086 28.6833819909 90.0000000000
51.2176657030 28.6468371786 90.0000000000
52.2648100894 28.6468371784 90.0000000000
53.3113165837 28.6833819903 90.0000000000
54.3559101790 28.7564270900 90.0000000000
55.3973181989 28.8658834834 90.0000000000
56.4342718482 29.0116178146 90.0000000000
57.4655077584 29.1934525288 90.0000000000
58.4897695277 29.4111660885 90.0000000000
59.5058092506 29.6644932433 90.0000000000
60.5123890394 29.9531253529 90.0000000000
61.5082825317 30.2767107637 90.0000000000
62.4922763846 30.6348552366 90.0000000000
63.4631717531 31.0271224278 90.0000000000
64.4197857509 31.4530344202 90.0000000000
65.3609528911 31.9120723055 90.0000000000
66.2855265065 32.4036768169 90.0000000000
67.1923801467 32.9272490099 90.0000000000
68.0804089501 33.4821509925 90.0000000000
68.9485309904 34.0677067022 90.0000000000
69.7956885947 34.6832027293 90.0000000000
70.6208496319 35.3278891870 90.0000000000
71.4230087704 36.0009806240 90.0000000000
72.2011887028 36.7016569820 90.0000000000
72.9544413368 37.4290645950 90.0000000000
73.6818489500 38.1823172286 90.0000000000
74.3825253084 38.9604971608 90.0000000000
75.0556167457 39.7626562990 90.0000000000
75.7003032037 40.5878173359 90.0000000000
76.3157992312 41.4349749400 90.0000000000
76.9013549411 42.3030969801 90.0000000000
77.4562569241 43.1911257832 90.0000000000
77.9798291175 44.0979794232 90.0000000000
78.4714336292 45.0225530384 90.0000000000
78.9304715150 45.9637201784 90.0000000000
79.3563835077 46.9203341760 90.0000000000
79.7486506993 47.8912295444 90.0000000000
80.1067951726 48.8752233971 90.0000000000
80.4303805838 49.8711168893 90.0000000000
80.7190126939 50.8776966780 90.0000000000
80.9723398490 51.8937364008 90.0000000000
81.1900534091 52.9179981699 90.0000000000
81.3718881238 53.9492340802 90.0000000000
81.5176224555 54.9861877293 90.0000000000
81.6270788492 56.0275957492 90.0000000000
81.7001239493 57.0721893445 90.0000000000
81.7366687616 58.1186958388 90.0000000000
81.7366687619 59.1658402252 90.0000000000
81.7001239501 60.2123467196 90.0000000000
81.6270788504 61.2569403149 90.0000000000
81.5176224571 62.2983483348 90.0000000000
81.3718881259 63.3353019840 90.0000000000
81.1900534117 64.3665378943 90.0000000000
80.9723398520 65.3907996636 90.0000000000
80.7190126974 66.4068393865 90.0000000000
80.4303805878 67.4134191754 90.0000000000
80.1067951770 68.4093126676 90.0000000000
79.7486507041 69.3933065205 90.0000000000
79.3563835130 70.3642018891 90.0000000000
78.9304715207 71.3208158869 90.0000000000
78.4714336354 72.2619830271 90.0000000000
77.9798291240 73.1865566425 90.0000000000
77.4562569310 74.0934102827 90.0000000000
76.9013549485 74.9814390861 90.0000000000
76.3157992389 75.8495611265 90.0000000000
75.7003032118 76.6967187308 90.0000000000
75.0556167542 77.5218797680 90.0000000000
74.3825253172 78.3240389065 90.0000000000
73.6818489592 79.1022188390 90.0000000000
72.9544413463 79.8554714730 90.0000000000
72.2011887126 80.5828790863 90.0000000000
71.4230087805 81.2835554447 90.0000000000
